538976288 538976288 538976288 538976288 538976288 1600085855
537534559 538976288 538976288 538976288 538976288 539438380
538976288 543108704 538976266 538976288 538976288 538976288
538978092 538976288 538976288 539910176 538976288 740302880
169881133 538976288 538976288 538976288 539438112 538976288
538976288 538976288 542908448 538976288 740892704 169892910
740302880 538976302 538976288 538976303 538976288 538976288
538976288 1545609248 538976288 539504416 540761120 790634506
542923815 538976288 539914028 538976288 740302880 1869573999
538979951 538991648 538978092 690433376 538970656 689973545
1679830624 1495420984 538979896 942415904 572662352 945365538
1612718126 773857319 656551213 673188384 539438432 1499471904
1612718119 538982489 1348739104 538976288 1612718112 538976295
539959328 1612718090 757935405 538978350 543121184 538976352
539438112 757935404 538976302 538976288 537534504 538976288
538976288 757935145 539910190 539500576 757873440 539897133
538976288 689971232 538970656 538976288 539959328 744443740
539566119 542908448 1599036448 538978092 538976288 545005600
538976266 538976288 1612718139 740306221 538976295 538976288
757935456 538976295 538976288 169901088 538976288 2082480160
538976288 538978093 538976288 1612718112 538976302 538976288
538976288 537534588 538976288 540761888 740302880 538976288
538976288 538976288 538976297 538976288 975183904 538970656
657350432 538976380 778051616 543108666 774643744 539114042
539897440 538976288 545005600 657272074 2082480160 773857312
538976295 572661792 538976290 538976288 543170592 538976288
778075168 538970656 538976288 975183996 538976315 975183904
975183904 538976288 539909920 538976288 1618747424 758013998
774712615 538970656 538976288 656416892 538979872 975183904
975183904 741236575 539982887 538976288 545005600 169892896
538976288 543170592 538976288 774712668 758013791 2086632487
791510111 538976288 538976288 538976303 537534505 538976288
542908448 538976288 538992476 757948448 1600070238 538978092
538976288 539762720 2082480160 538970656 538976288 538983200
538976352 757948448 757935454 538976295 538976288 740302880
538976295 545005600 538976266 538976288 538991648 538976352
538976288 538976288 538976288 538976288 538980128 538976288
537534511 538976288 538976288 538976348 538976352 1595957024
538976288 538976288 539959328 538976266 538976288 1545609248
538976288 538976288 1612718112 538976288 790634528 538970656
538976288 538976288 538991648 538976288 538976288 538978080
657203232 538970656 538976288 538976288 778051616 538976288
740302880 1595940896 169879340 538976288 538976288 538976288
<<<<<<< HEAD
761274400 1600085806 757935406 538976295  
=======
761274400 1600085806 757935406 538976295  
>>>>>>> 23cd822bf53ae8219ae51ab4a163e7127500101a
